0.1443874
0.99922908
1.2312503
0.99984133
0.48374801
1.0000386
1.0005032
0.91891462
0.99978336
0.75303439
1
0.55122655
1
0.74311463
1.2923335
1.0003625
0.48374801
1.0003455
1.0001689
1.5238005
0.72351788
1.046529
1.6229251
1.4351107
0.99994972
1.0003532
1.8005636
1.1521089
0.92223421
0.99986063
-0.7062617
0.48308555
0.99994972
0.98025216
0.14382804
1.3947889
0.48374801
1.8005636
1.0000333
0.72351788
1.5557008
-0.40562552
1.2832219
1.2832219
0.28963845
1.9736485
0.48374801
1
1.0002702
0.93175054
0.99984133
1.0005616
-0.30417449
0.48374801
0.92385133
2.0404223
1.1552899
0.99987712
0.18818742
1.4795369
1.0001689
0.99994972
1.6255828
1.9857969
-0.79858267
1.5508091
0.92369276
0.78200035
1
-0.82740734
0.37468501
-0.99766308
1.0006404
3.4390207
0.99983692
0.87207658
1.1446688
1.0000859
0.21972149
1.0000083
-0.30489481
1
-1
0.99997456
0.99991957
-0.37349221
4.1190444
0.99999674
1.5366686
1.0000947
1.0004303
1.0004955
0.5079132
0.39730977
0.79951314
1.2599768
1
0.48374801
-1
0.48374801
-1
-0.70387786
-1.2898317
-0.99931155
-0.99957386
-0.99943845
-0.99960591
-0.70387786
-0.76424476
-1.0712282
-1.5932514
-1.0001009
-0.79858267
-0.99943845
-0.92251654
-1
-1
-0.99943845
-1.0000503
-0.99943845
-0.99943845
-1.0001009
-1.4480025
-2.1870643
-1.5031752
-0.99943845
0.48374801
-0.99983106
-1.0001498
-1.7269952
-1.0006063
-0.99943845
-0.99943845
-0.99989495
-0.99943845
-0.99943845
-0.99943845
-1.0000748
-0.99943845
-1.3914435
-0.99943845
-1
-1.3561592
-0.99943845
-0.99766308
-0.55143592
-0.99989495
-0.99943845
-0.39049657
-0.99943845
0.48374801
-1.3914435
-1.0002439
-0.90232773
-1.0002301
-0.54966055
-0.99952923
0.55122655
-0.55381976
-0.99943845
-0.99943845
-0.70387786
-2.1870643
-0.99943845
-1.3052623
-0.30417449
-1.000007
-0.99943845
-0.99943845
-0.9999966
-0.99943845
-0.99943845
-1.3052623
-1.5653978
0.48374801
-0.99943845
-0.99943845
-0.99943845
-0.99766308
-1.0001009
-1.1539348
-0.99943845
-1.0889568
-1.3052623
-1.3052623
-0.99943845
-1.3052623
-1.6442951
-0.99943845
-0.99943845
-0.99943845
-1.0001009
-0.99943845
-0.99943845
-1.0642006
-1.0644164
-0.99989495
-0.99943845
-1.3052623
-1.1539348
-0.99943845
-1.0644164
-1.0004429
-1.064978
-0.99943845
-0.82740734
-0.99943845
-1.3953423
-0.99943845
-0.99943845
-0.99943845
-0.99943845
-1.3052623
-2.0033408
-1.5547768
-1.8606006
-0.99943845
-0.99943845
-0.99943845
-0.99943845
-1.0629858
-0.99922259
-0.99943845
-0.99943845
-1.0414325
-0.99943845
-1.3052623
-1.0018223
-0.99943845
-1.5938129
-1.5547768
-1.0889568
-0.99954306
-1.5547768
-0.99943845
-1.9506806
-0.76911017
-0.96730515
-0.99984955
-1
-1.0644164
-1
-0.99943845
-0.99943845
-0.99943845
-0.99943845
-0.82740734
-0.99943845
-0.99943845
-0.99976047
-1.0001498
-1.5547768
-0.99943845
-0.99943845
-0.7903161
-0.15679913
-0.99993176
-1.3561592
