1.5546329
-0.10289469
0.33152993
-0.27225393
-0.58511263
1.1883094
1.6057935
-0.059758323
-0.77794109
-0.59265475
-0.69470401
-0.28478699
1.5137908
-0.40726107
0.31460172
1.342889
1.0705625
1.0059071
-0.57358814
0.68075635
0.68075635
1.766721
0.68075635
-1.2022431
-0.56322797
-0.68406727
-0.39635902
-0.55579894
-0.72101693
1.8478239
-0.69707243
-0.55197813
-0.53351749
0.67306428
1.0583232
-1.4271393
-1.2505157
0.70272382
1.1509062
1.3815312
1.1183514
0.74028097
1.5137908
0.93840276
0.044949934
0.58533366
1.4029782
1.2850289
-0.74632898
-0.25608655
-0.52245242
-1.2034985
-1.4434424
-0.74267706
-0.13533051
-0.70846037
-0.8671734
-0.91381386
-0.6939423
-0.68494655
-0.78591069
-1.1228166
-1.4363623
-0.83609583
-1.0625993
1.1698211
1.2549977
-0.74748672
-0.95802192
-0.10289469
1.6537209
0.70366473
0.69267447
1.6932583
1.3292232
-0.60682428
0.92250523
1.299028
1.0689829
0.82245632
0.096442022
-0.5637902
-0.85047037
-0.97040682
-1.0548501
-0.86753785
0.8569624
-0.66076585
1.4464428
1.0928867
0.58533366
1.5463683
-0.61946076
-0.20497192
-0.94184631
-0.53717839
-1.0660898
-0.75724653
0.3296361
-0.23690587
-0.035508043
-0.43030173
-0.84973169
-0.68133403
-0.89234152
-0.4274646
-0.57349696
-1.0622609
0.99023425
1.1721408
-0.69514231
-0.96674688
-0.65843485
-0.10289469
1.1405753
1.366376
0.7996445
-0.71406111
0.27129441
0.52236057
-0.45142479
-1.3201665
-0.4277483
-0.029214812
-1.6231041
-0.68178539
0.020844443
-0.6941494
-0.66676331
1.2848117
1.1883094
0.58533366
0.87965609
-0.69174749
-0.22530113
-0.6493769
0.37719322
-0.058064603
-0.59895421
0.52101829
0.77027584
0.20008879
-0.3468402
0.47121347
-0.16127842
-0.63489895
-0.58065633
0.55710527
-0.738376
0.93363937
-0.93087718
-1.0068405
-1.0068405
-0.91941052
-0.92647172
-0.82562461
-0.7607316
-0.95445355
-1.0273637
-0.80782562
-0.72887407
-1.0419863
-1.0964315
-1.5167863
-0.8683581
-0.58256321
-0.61149579
-0.66442539
-0.89869998
-1.0707732
-0.95802192
-0.74005152
-1.0738446
1.9338282
-0.72086071
-0.6310618
-0.43071519
-0.9048354
-0.80467458
-1.1973763
-1.4939941
-1.0900748
-0.94079221
-0.53737294
-0.97898217
-1.4936207
-0.80026854
-0.40927638
-0.95014805
-0.52558165
-0.7233613
-1.3175713
-0.92927654
-1.0304421
-0.19423156
-0.85550599
-0.99945942
-1.0284756
-0.87800384
-1.1435256
-1.4982619
-1.2283722
-0.78331189
-1.0036662
-0.90242451
-0.88914835
-0.97912683
-0.79264607
-0.66405386
-1.2424652
-0.99977636
-1.2803795
-0.94753874
0.053719778
-0.43571709
-0.85702392
-0.82117177
-0.71445564
-0.95551362
-0.69839281
-1.3468023
-0.64572104
-1.0032193
-0.68670982
-1.0670342
-1.4746141
-1.0639466
-0.91709391
-1.0147308
-1.1623607
-0.2606159
0.6592577
-0.87889743
-1.0912123
-1.2044431
-1.1120696
-1.098001
-1.4421336
-0.58362591
-1.3560325
-1.6913019
-1.0273247
-0.87914568
-0.85522241
-0.37468313
-1.172732
-0.59967664
0.0908366
-0.69877303
-1.1564278
-0.90220836
-0.40728188
-0.90886221
-1.226263
-0.88014751
-0.85198423
-0.92440845
-0.72995567
-0.70348226
-1.1536266
-0.091622391
-1.1286338
-1.3161363
0.0908366
-0.83950779
-0.98356448
-0.9394177
-1.0667258
-1.4715268
-0.70011872
-1.2632153
-1.1364101
-1.2193433
-1.4024092
-1.00504
-0.90603835
-0.99419637
-0.81838961
-1.3399939
-0.6315258
-0.98418249
-0.5651154
-0.90478548
-0.38960544
-0.91889582
-1.0209817
-0.94122038
-1.221185
-0.56035987
-0.8250726
-1.1019058
-1.0580817
-1.2687756
-0.68521897
-0.57349696
-0.9261967
-1.0672808
-0.67297799
-0.8510727
-0.39017584
-1.2261909
-0.75215543
-1.240662
-1.3442584
-0.81784917
-0.3997197
-1.2592211
-1.3872399
-0.54802237
-0.73203479
-0.81977388
-0.93682745
-1.0056383
-0.8211542
-1.0126482
-0.94654859
-0.71421008
-0.79111662
-0.84133382
-1.2708363
-1.0735841
-0.85879872
-0.84207669
-0.97417525
-0.77022742
-0.8288283
-0.710332
-0.65917386
-1.0430276
-1.3181851
-0.98749391
-0.26022857
-1.2545014
-0.7721451
-1.2385512
-0.41443079
-0.66885973
-1.1876227
-0.85987326
-0.92219358
-1.4707582
-0.37461835
-1.3268913
-0.83593222
-0.87401973
-1.0147949
-1.30229
-1.2660718
-1.4299593
-1.1524552
-1.3410824
-1.0186273
-1.1683888
-0.95669156
-0.95172693
-0.5495012
-0.72663324
-0.78324603
-0.89176067
-1.0414924
-1.1291881
-0.99613966
-0.65354527
-0.89282388
-1.0354919
-1.0238469
-0.81329102
-1.3225522
-0.94505562
-0.80378548
-1.1035374
-0.4277483
-0.9961807
-1.3628273
-1.0314238
-0.80926416
-1.0412808
-1.1102924
-1.3581859
-0.39912234
-0.49454503
-0.71562163
-0.1912761
-0.4267225
-0.7242228
-0.6741881
-0.65422592
-0.8358526
-0.93543302
-0.85987326
-0.8173806
-0.85264666
-0.95759083
-1.1256895
-0.71245848
-0.90118149
-1.1804366
-0.90591779
-1.1572126
-1.0025442
-0.85200123
-0.7152156
-0.63597855
-1.1024607
-1.0199405
-0.92289941
-1.1990511
-0.77111422
-0.57952018
-0.41623365
-0.1912761
-0.4267225
-0.21007877
-0.87144071
-0.78139946
-1.3666159
-0.7032761
-0.85201851
-1.4837834
-1.4543119
-0.36547431
-1.5607542
-0.67880134
-0.83799291
